data.a <- c(3,4,5,2,1,3,6,5,4)
matrix.a <- matrix(data.a, nrow = 3, ncol = 3, byrow = TRUE)
matrix.a
 
     [,1] [,2] [,3]
[1,]    3    4    5
[2,]    2    1    3
[3,]    6    5    4
