var1 <- c(5,6,3,4,5)
var2 <- c(11,12,13,13,15)
var3 <- c(26,25,24,22,23)
