data <- c(32, 35, 38, 29, 27, 40, 33)
data
 
[1] 32 35 38 29 27 40 33
 
data.ch <- as.character(data)
data.ch
 
[1] "32" "35" "38" "29" "27" "40" "33"
