vec1 <- c(0.5, 0.3, 0.1, 0.6, 0.2)
vec1

# OUTPUT
[1] 0.5 0.3 0.1 0.6 0.2